=========================================================================================================
INTERGENIC (>5kb from coding) lncRNAs — ≥9 sp, ≥120 bp, MMD ≤0.1
Total: 724  |  Named: 132  |  Unnamed (ENSG only): 592
=========================================================================================================
   #  ENSG              Gene name            cores  sp  mean_MMD  med_MMD  max_len
---------------------------------------------------------------------------------------------------------
   1  ENSG00000310209   —                        2  10    0.0242   0.0216      232
   2  ENSG00000296647   —                        1   9    0.0250   0.0202      122
   3  ENSG00000304346   —                        1   9    0.0252   0.0220      136
   4  ENSG00000253554   LINC01414                1   9    0.0256   0.0125      136
   5  ENSG00000290656   —                        4  10    0.0262   0.0336      424
   6  ENSG00000302306   —                        1   9    0.0295   0.0321      232
   7  ENSG00000309724   —                        1   9    0.0299   0.0206      120
   8  ENSG00000307638   —                        2  10    0.0306   0.0255     1064
   9  ENSG00000308152   —                        1   9    0.0325   0.0373      168
  10  ENSG00000309967   —                        1  10    0.0333   0.0381      456
  11  ENSG00000290979   —                        1  10    0.0345   0.0326      221
  12  ENSG00000306847   —                        1   9    0.0354   0.0283      152
  13  ENSG00000290815   —                        1   9    0.0384   0.0410      168
  14  ENSG00000298670   —                        1   9    0.0386   0.0351      184
  15  ENSG00000308640   —                        1   9    0.0391   0.0308      216
  16  ENSG00000299614   —                        1   9    0.0393   0.0375      152
  17  ENSG00000299901   —                        1  10    0.0397   0.0316      120
  18  ENSG00000299422   —                        1   9    0.0401   0.0441      136
  19  ENSG00000260254   —                        6  10    0.0404   0.0277      408
  20  ENSG00000273033   LINC02035                2   9    0.0410   0.0479      616
  21  ENSG00000296990   —                        1   9    0.0411   0.0471      136
  22  ENSG00000298619   —                        1   9    0.0412   0.0363      340
  23  ENSG00000304799   —                        1   9    0.0413   0.0469      143
  24  ENSG00000286893   —                        3  10    0.0413   0.0437      312
  25  ENSG00000291135   FCGR1BP                  1   9    0.0419   0.0377      135
  26  ENSG00000299427   —                        2   9    0.0426   0.0402      152
  27  ENSG00000290553   —                        1   9    0.0427   0.0444      157
  28  ENSG00000291175   —                        1   9    0.0427   0.0472      392
  29  ENSG00000307826   —                        1   9    0.0431   0.0448      191
  30  ENSG00000304478   —                        1   9    0.0436   0.0500      440
  31  ENSG00000291001   —                        1   9    0.0436   0.0453      232
  32  ENSG00000291196   KRT16P3                  3   9    0.0441   0.0401      488
  33  ENSG00000298245   —                        1   9    0.0442   0.0399      136
  34  ENSG00000304083   —                        2   9    0.0443   0.0454      510
  35  ENSG00000290546   —                        1   9    0.0445   0.0418      128
  36  ENSG00000296316   —                        1  10    0.0447   0.0453      271
  37  ENSG00000297233   —                        1   9    0.0448   0.0522      150
  38  ENSG00000300993   —                        1   9    0.0449   0.0436      168
  39  ENSG00000302194   —                        1   9    0.0451   0.0497      248
  40  ENSG00000295192   —                        1  10    0.0456   0.0427      184
  41  ENSG00000245532   NEAT1                    2   9    0.0457   0.0603      312
  42  ENSG00000298945   —                        1   9    0.0458   0.0405      126
  43  ENSG00000306820   —                        1   9    0.0460   0.0486      131
  44  ENSG00000290999   —                        2  10    0.0463   0.0513      184
  45  ENSG00000307267   —                        1   9    0.0463   0.0421      125
  46  ENSG00000290430   —                        1  10    0.0464   0.0372      136
  47  ENSG00000293830   —                        1   9    0.0465   0.0399      200
  48  ENSG00000297292   —                        1   9    0.0465   0.0539      264
  49  ENSG00000259278   —                        1   9    0.0468   0.0358      264
  50  ENSG00000267391   MIR122HG                 3  10    0.0468   0.0415      232
  51  ENSG00000289058   —                        2   9    0.0468   0.0423      136
  52  ENSG00000298206   —                        1   9    0.0470   0.0480      120
  53  ENSG00000266830   —                        1   9    0.0473   0.0421      328
  54  ENSG00000251538   LINC02201                1   9    0.0474   0.0337      184
  55  ENSG00000267465   LINC03103                1   9    0.0476   0.0370      272
  56  ENSG00000290418   TPTEP1                   1   9    0.0478   0.0534      168
  57  ENSG00000229697   FAM242E                  2   9    0.0480   0.0474      136
  58  ENSG00000302963   —                        1   9    0.0481   0.0404      136
  59  ENSG00000290657   —                        2  10    0.0482   0.0485      424
  60  ENSG00000297382   —                        1   9    0.0483   0.0480      360
  61  ENSG00000293925   —                        1   9    0.0483   0.0504      225
  62  ENSG00000235172   LINC01366                1   9    0.0484   0.0533      172
  63  ENSG00000310003   —                        2   9    0.0488   0.0456      168
  64  ENSG00000305325   —                        1   9    0.0489   0.0425      250
  65  ENSG00000289072   —                        2   9    0.0489   0.0535      344
  66  ENSG00000228176   —                        1   9    0.0489   0.0485      136
  67  ENSG00000289016   —                        1   9    0.0489   0.0433      129
  68  ENSG00000300787   —                        1  10    0.0492   0.0327      120
  69  ENSG00000296694   —                        1   9    0.0492   0.0379      120
  70  ENSG00000309927   —                        1   9    0.0494   0.0583      145
  71  ENSG00000291277   —                        1   9    0.0494   0.0448      408
  72  ENSG00000295911   —                        1   9    0.0496   0.0514      200
  73  ENSG00000300426   —                        1   9    0.0498   0.0428      120
  74  ENSG00000303287   —                        1   9    0.0499   0.0518      184
  75  ENSG00000300547   —                        1   9    0.0501   0.0521      120
  76  ENSG00000296797   —                        2  10    0.0504   0.0475      456
  77  ENSG00000296158   —                        1   9    0.0505   0.0467      296
  78  ENSG00000306370   —                        1  10    0.0505   0.0538      216
  79  ENSG00000300431   —                        1   9    0.0506   0.0507      120
  80  ENSG00000280587   LINC01348                2   9    0.0506   0.0599      408
  81  ENSG00000309931   —                        2   9    0.0507   0.0566     1240
  82  ENSG00000309867   —                        1   9    0.0507   0.0501      499
  83  ENSG00000247011   —                        2  10    0.0507   0.0535      520
  84  ENSG00000288070   —                        1  10    0.0508   0.0515      168
  85  ENSG00000266573   —                        1  10    0.0508   0.0495      143
  86  ENSG00000260340   LINC02176                1   9    0.0510   0.0627      168
  87  ENSG00000287443   —                        1   9    0.0512   0.0525      120
  88  ENSG00000258249   —                        2  10    0.0512   0.0573      280
  89  ENSG00000290387   SORD2P                   1   9    0.0513   0.0534      296
  90  ENSG00000291197   —                        1   9    0.0513   0.0509      120
  91  ENSG00000306016   —                        1   9    0.0515   0.0590      168
  92  ENSG00000297318   —                        1  10    0.0515   0.0407      216
  93  ENSG00000253396   —                        2   9    0.0517   0.0530      248
  94  ENSG00000259245   LINC02853                1  10    0.0519   0.0533      216
  95  ENSG00000130600   H19                      1   9    0.0520   0.0518     1304
  96  ENSG00000293433   —                        1   9    0.0523   0.0507      360
  97  ENSG00000290672   —                        1   9    0.0524   0.0425      136
  98  ENSG00000287545   —                        2   9    0.0524   0.0538      238
  99  ENSG00000293526   —                        2  10    0.0524   0.0479      148
 100  ENSG00000295257   —                        1  10    0.0525   0.0648      120
 101  ENSG00000272690   LINC02018                1   9    0.0527   0.0545      184
 102  ENSG00000302699   —                        2  10    0.0527   0.0516      360
 103  ENSG00000249917   LINC00536                1   9    0.0527   0.0461      186
 104  ENSG00000293431   MBL1P                    2  10    0.0527   0.0528      216
 105  ENSG00000299960   —                        1   9    0.0529   0.0525      200
 106  ENSG00000307165   —                        1   9    0.0529   0.0273      120
 107  ENSG00000293539   —                        1   9    0.0529   0.0618      180
 108  ENSG00000227482   —                        1   9    0.0529   0.0549      177
 109  ENSG00000293823   —                        1   9    0.0530   0.0593      265
 110  ENSG00000310005   —                        1   9    0.0532   0.0625      144
 111  ENSG00000299001   —                        1  10    0.0532   0.0570      184
 112  ENSG00000299220   —                        1  10    0.0533   0.0460      152
 113  ENSG00000234944   LINC02623                2   9    0.0534   0.0555      312
 114  ENSG00000290927   —                        1   9    0.0538   0.0644     1256
 115  ENSG00000255260   —                        1   9    0.0539   0.0542      264
 116  ENSG00000254111   —                        2  10    0.0541   0.0434      152
 117  ENSG00000259237   LINC02490                1   9    0.0542   0.0579      146
 118  ENSG00000309292   —                        1   9    0.0544   0.0578      120
 119  ENSG00000309740   —                        1   9    0.0546   0.0518      174
 120  ENSG00000294852   —                        2   9    0.0547   0.0568      233
 121  ENSG00000299417   —                        1   9    0.0547   0.0477      168
 122  ENSG00000267651   —                        1   9    0.0547   0.0566      760
 123  ENSG00000308959   —                        1   9    0.0549   0.0587      161
 124  ENSG00000261751   —                        2   9    0.0549   0.0532      488
 125  ENSG00000302906   —                        1  10    0.0550   0.0529      157
 126  ENSG00000282097   —                        2   9    0.0551   0.0385      472
 127  ENSG00000251206   TILRLS                   1  10    0.0552   0.0599      136
 128  ENSG00000293987   —                        2  10    0.0553   0.0518      215
 129  ENSG00000298654   —                        3  10    0.0553   0.0635      339
 130  ENSG00000286928   —                        1   9    0.0554   0.0613      189
 131  ENSG00000266905   —                        1   9    0.0554   0.0459      120
 132  ENSG00000236507   —                        1   9    0.0555   0.0623      120
 133  ENSG00000251209   LINC00923                1   9    0.0555   0.0548      168
 134  ENSG00000277851   LINC02391                1   9    0.0555   0.0602      288
 135  ENSG00000299622   —                        1   9    0.0556   0.0643      169
 136  ENSG00000248474   LINC02122                1   9    0.0558   0.0585      248
 137  ENSG00000255041   —                        1   9    0.0559   0.0544      124
 138  ENSG00000255406   LINC02730                2  10    0.0559   0.0531      376
 139  ENSG00000306580   —                        1   9    0.0559   0.0569      120
 140  ENSG00000303002   —                        1  10    0.0560   0.0423      184
 141  ENSG00000233492   BETALINC1                1  10    0.0561   0.0481      120
 142  ENSG00000288072   —                        1   9    0.0561   0.0682      376
 143  ENSG00000288022   DAGARR                   1   9    0.0562   0.0573      232
 144  ENSG00000299605   —                        1  10    0.0563   0.0633      152
 145  ENSG00000289573   —                        1   9    0.0564   0.0733      160
 146  ENSG00000261636   LINC02191                1   9    0.0565   0.0662      266
 147  ENSG00000290827   —                        1   9    0.0565   0.0426      152
 148  ENSG00000305896   —                        1   9    0.0565   0.0554      168
 149  ENSG00000290819   —                        1   9    0.0565   0.0627      200
 150  ENSG00000301876   —                        1   9    0.0566   0.0623      842
 151  ENSG00000226051   ZNF503-AS1               2   9    0.0567   0.0457      168
 152  ENSG00000290664   —                        1   9    0.0567   0.0497      199
 153  ENSG00000295316   —                        1  10    0.0568   0.0625      280
 154  ENSG00000267737   —                        1   9    0.0569   0.0632      435
 155  ENSG00000254991   —                        1   9    0.0572   0.0591      154
 156  ENSG00000304097   —                        2  10    0.0572   0.0519      232
 157  ENSG00000292309   —                        2   9    0.0574   0.0666      323
 158  ENSG00000260492   CISTR                    1   9    0.0574   0.0610      152
 159  ENSG00000306603   —                        1   9    0.0575   0.0561      184
 160  ENSG00000306606   —                        1   9    0.0575   0.0563      120
 161  ENSG00000297393   —                        1  10    0.0575   0.0688      376
 162  ENSG00000294049   —                        1   9    0.0575   0.0634      136
 163  ENSG00000257985   —                        2   9    0.0577   0.0484      200
 164  ENSG00000253344   —                        1   9    0.0577   0.0713      248
 165  ENSG00000309945   —                        2   9    0.0578   0.0483      248
 166  ENSG00000302564   —                        2  10    0.0578   0.0598      275
 167  ENSG00000266821   —                        2  10    0.0579   0.0621      696
 168  ENSG00000307324   —                        1   9    0.0579   0.0435      120
 169  ENSG00000303485   —                        1   9    0.0579   0.0700      200
 170  ENSG00000308415   DDX11L2                  1   9    0.0579   0.0565      168
 171  ENSG00000224307   LINC02975                2   9    0.0579   0.0486      308
 172  ENSG00000306670   —                        1  10    0.0580   0.0598      120
 173  ENSG00000237590   LINC03089                2   9    0.0580   0.0557      320
 174  ENSG00000310530   —                        1   9    0.0581   0.0544      154
 175  ENSG00000307978   —                        1   9    0.0581   0.0676      280
 176  ENSG00000227496   —                        1  10    0.0582   0.0539      136
 177  ENSG00000305442   —                        2   9    0.0582   0.0630      211
 178  ENSG00000273760   —                        1   9    0.0583   0.0657      184
 179  ENSG00000305823   —                        1   9    0.0584   0.0538      189
 180  ENSG00000301262   —                        1   9    0.0584   0.0591      152
 181  ENSG00000305268   —                        1   9    0.0584   0.0591      176
 182  ENSG00000301519   —                        1   9    0.0584   0.0603      252
 183  ENSG00000259200   —                        1   9    0.0585   0.0549      120
 184  ENSG00000285930   —                        1   9    0.0587   0.0497      120
 185  ENSG00000296740   —                        2   9    0.0587   0.0604      181
 186  ENSG00000295117   —                        1   9    0.0587   0.0637      424
 187  ENSG00000309601   —                        1   9    0.0588   0.0629      136
 188  ENSG00000306321   —                        1   9    0.0588   0.0573      280
 189  ENSG00000236511   LINC01231                2  10    0.0589   0.0603      392
 190  ENSG00000290973   —                        1   9    0.0590   0.0489      120
 191  ENSG00000300359   —                        1   9    0.0591   0.0640      278
 192  ENSG00000307668   —                        1   9    0.0591   0.0570      130
 193  ENSG00000290910   PPBPP2                   1   9    0.0593   0.0606      264
 194  ENSG00000250041   —                        1   9    0.0593   0.0621      280
 195  ENSG00000290878   HLA-DRB6                 2   9    0.0593   0.0504      168
 196  ENSG00000269186   LINC01082                1  10    0.0593   0.0569      178
 197  ENSG00000309174   —                        2   9    0.0594   0.0553      240
 198  ENSG00000303281   —                        1   9    0.0595   0.0526      159
 199  ENSG00000254968   LINC02763                2  10    0.0596   0.0584      154
 200  ENSG00000303450   —                        1   9    0.0597   0.0698      152
 201  ENSG00000255484   LINC02764                2   9    0.0597   0.0659      200
 202  ENSG00000254586   —                        1   9    0.0598   0.0608      512
 203  ENSG00000305065   —                        1   9    0.0599   0.0501      136
 204  ENSG00000295682   —                        1   9    0.0599   0.0641      139
 205  ENSG00000290866   OTOAP1                   3   9    0.0599   0.0549      188
 206  ENSG00000301212   —                        1  10    0.0601   0.0630      248
 207  ENSG00000303182   —                        1   9    0.0602   0.0636      139
 208  ENSG00000226567   LINC00606                1  10    0.0602   0.0478      264
 209  ENSG00000297966   —                        1   9    0.0603   0.0700      184
 210  ENSG00000297197   —                        1   9    0.0603   0.0616      188
 211  ENSG00000297665   —                        1   9    0.0603   0.0470      120
 212  ENSG00000233098   CCDC144NL-AS1            1   9    0.0604   0.0568      138
 213  ENSG00000293312   HNRNPKP3                 1   9    0.0605   0.0508      152
 214  ENSG00000301354   —                        1   9    0.0605   0.0737      232
 215  ENSG00000308879   —                        1   9    0.0605   0.0672      296
 216  ENSG00000249859   PVT1                     1   9    0.0606   0.0582      195
 217  ENSG00000308394   —                        1   9    0.0606   0.0630      120
 218  ENSG00000283258   —                        1  10    0.0606   0.0602      154
 219  ENSG00000249306   LINC01411                2   9    0.0607   0.0479      152
 220  ENSG00000300759   —                        1   9    0.0607   0.0595      552
 221  ENSG00000301264   —                        1   9    0.0608   0.0609      328
 222  ENSG00000303967   —                        1  10    0.0609   0.0637      123
 223  ENSG00000236719   OVAAL                    1   9    0.0609   0.0593      143
 224  ENSG00000258346   —                        1   9    0.0610   0.0625      131
 225  ENSG00000227115   LINC01630                1   9    0.0612   0.0626      344
 226  ENSG00000294434   —                        1   9    0.0612   0.0549      328
 227  ENSG00000259362   —                        1   9    0.0612   0.0613      344
 228  ENSG00000309360   —                        1   9    0.0612   0.0506      328
 229  ENSG00000230676   —                        2   9    0.0615   0.0677      344
 230  ENSG00000277511   —                        1   9    0.0615   0.0641      152
 231  ENSG00000307658   —                        1  10    0.0616   0.0748      456
 232  ENSG00000287161   —                        2   9    0.0618   0.0580      284
 233  ENSG00000307500   —                        2  10    0.0618   0.0722      466
 234  ENSG00000296811   —                        1   9    0.0619   0.0571      184
 235  ENSG00000296204   —                        1   9    0.0620   0.0592      217
 236  ENSG00000296292   —                        1   9    0.0620   0.0617      152
 237  ENSG00000261241   LINC02128                1  10    0.0620   0.0651      321
 238  ENSG00000204117   —                        1   9    0.0622   0.0569      184
 239  ENSG00000298544   —                        1   9    0.0622   0.0604      216
 240  ENSG00000290457   —                        1   9    0.0622   0.0593      153
 241  ENSG00000308523   —                        1   9    0.0622   0.0739      136
 242  ENSG00000249364   LINC02997                1   9    0.0623   0.0621      125
 243  ENSG00000305230   —                        1   9    0.0625   0.0614      280
 244  ENSG00000279243   LINC02736                1   9    0.0626   0.0590      136
 245  ENSG00000294369   —                        2   9    0.0626   0.0764      328
 246  ENSG00000293821   —                        1   9    0.0626   0.0658      337
 247  ENSG00000289932   —                        1   9    0.0626   0.0580      680
 248  ENSG00000259551   —                        1   9    0.0627   0.0595      151
 249  ENSG00000299191   —                        2   9    0.0627   0.0616      280
 250  ENSG00000304309   —                        3  10    0.0628   0.0499      392
 251  ENSG00000291057   ABCC6P1                  2  10    0.0628   0.0554      136
 252  ENSG00000303001   —                        1   9    0.0629   0.0641      232
 253  ENSG00000309805   —                        1   9    0.0629   0.0703      189
 254  ENSG00000234323   LINC01505                1   9    0.0629   0.0630      232
 255  ENSG00000287964   —                        1   9    0.0630   0.0692      264
 256  ENSG00000259420   —                        1  10    0.0630   0.0685      435
 257  ENSG00000303496   —                        1   9    0.0630   0.0590      168
 258  ENSG00000303893   —                        1   9    0.0630   0.0645      136
 259  ENSG00000230492   —                        1   9    0.0630   0.0584      376
 260  ENSG00000297356   —                        1   9    0.0631   0.0639      136
 261  ENSG00000255451   —                        1  10    0.0631   0.0653      392
 262  ENSG00000298893   —                        1   9    0.0633   0.0540      136
 263  ENSG00000259282   SPATA8-AS1               1   9    0.0633   0.0571      159
 264  ENSG00000290978   —                        2  10    0.0634   0.0616      232
 265  ENSG00000310501   —                        1   9    0.0635   0.0712      280
 266  ENSG00000299979   —                        1   9    0.0635   0.0698      232
 267  ENSG00000294885   —                        1   9    0.0636   0.0690      139
 268  ENSG00000299530   —                        1   9    0.0637   0.0799      120
 269  ENSG00000303889   —                        1   9    0.0637   0.0689      356
 270  ENSG00000283096   —                        1   9    0.0637   0.0559      120
 271  ENSG00000301706   —                        2   9    0.0637   0.0666      152
 272  ENSG00000293555   FAM169BP                 1  10    0.0638   0.0726      159
 273  ENSG00000310036   —                        1  10    0.0638   0.0715      132
 274  ENSG00000290376   HERC2P3                  2   9    0.0638   0.0586      568
 275  ENSG00000232140   —                        2  10    0.0638   0.0645      264
 276  ENSG00000291233   —                        1  10    0.0639   0.0680      124
 277  ENSG00000297603   —                        1  10    0.0639   0.0642      136
 278  ENSG00000303872   —                        2  10    0.0639   0.0522      138
 279  ENSG00000307225   —                        1   9    0.0640   0.0704      166
 280  ENSG00000298274   —                        1   9    0.0640   0.0664      248
 281  ENSG00000305553   —                        2   9    0.0640   0.0568      392
 282  ENSG00000305423   —                        2   9    0.0640   0.0630      280
 283  ENSG00000260032   NORAD                    1   9    0.0641   0.0703      232
 284  ENSG00000248954   —                        1   9    0.0642   0.0779      178
 285  ENSG00000267204   LINC01782                1   9    0.0642   0.0640      128
 286  ENSG00000301231   —                        2   9    0.0642   0.0694      312
 287  ENSG00000305090   —                        2  10    0.0642   0.0655      138
 288  ENSG00000275613   —                        1  10    0.0642   0.0648      280
 289  ENSG00000304287   —                        1   9    0.0642   0.0714      246
 290  ENSG00000290655   —                        1   9    0.0642   0.0699      190
 291  ENSG00000306064   —                        1   9    0.0643   0.0708      744
 292  ENSG00000289740   TALAM1                   1   9    0.0643   0.0510      216
 293  ENSG00000276972   —                        1   9    0.0643   0.0705      184
 294  ENSG00000309639   —                        1   9    0.0644   0.0676      354
 295  ENSG00000297706   —                        1   9    0.0644   0.0615      152
 296  ENSG00000293938   —                        1   9    0.0644   0.0628      130
 297  ENSG00000298794   —                        1   9    0.0645   0.0647      291
 298  ENSG00000293843   —                        1   9    0.0646   0.0674      290
 299  ENSG00000287374   —                        1   9    0.0646   0.0564      144
 300  ENSG00000298516   —                        1  10    0.0646   0.0653      280
 301  ENSG00000306212   —                        1   9    0.0646   0.0642      218
 302  ENSG00000308247   —                        1  10    0.0647   0.0634      200
 303  ENSG00000304193   —                        1  10    0.0647   0.0707      679
 304  ENSG00000259807   —                        1  10    0.0647   0.0720      296
 305  ENSG00000262585   LINC01979                2   9    0.0647   0.0708      338
 306  ENSG00000305928   —                        1   9    0.0648   0.0732      312
 307  ENSG00000306876   —                        1   9    0.0648   0.0626      244
 308  ENSG00000300570   —                        1   9    0.0648   0.0642      136
 309  ENSG00000293538   DMBT1L1                  1   9    0.0650   0.0537      318
 310  ENSG00000305919   —                        2  10    0.0650   0.0694      184
 311  ENSG00000225582   —                        1   9    0.0651   0.0687      131
 312  ENSG00000296033   —                        1   9    0.0651   0.0713      168
 313  ENSG00000290785   —                        1   9    0.0652   0.0738      296
 314  ENSG00000295683   —                        1   9    0.0653   0.0754      680
 315  ENSG00000305386   —                        1   9    0.0653   0.0758      220
 316  ENSG00000307314   —                        1   9    0.0654   0.0499      181
 317  ENSG00000289116   —                        1   9    0.0654   0.0685      184
 318  ENSG00000254135   —                        1   9    0.0654   0.0651      120
 319  ENSG00000247213   LINC01498                1   9    0.0654   0.0714      123
 320  ENSG00000259223   —                        1  10    0.0655   0.0675      120
 321  ENSG00000307207   —                        1   9    0.0656   0.0630      232
 322  ENSG00000293736   —                        1  10    0.0656   0.0685      216
 323  ENSG00000299231   —                        1  10    0.0657   0.0610      392
 324  ENSG00000305085   —                        1   9    0.0658   0.0768      120
 325  ENSG00000286992   —                        2  10    0.0658   0.0716      264
 326  ENSG00000296480   —                        1   9    0.0658   0.0748      296
 327  ENSG00000310504   —                        1   9    0.0658   0.0629      264
 328  ENSG00000301959   —                        1   9    0.0660   0.0645      248
 329  ENSG00000299022   —                        1   9    0.0660   0.0729      184
 330  ENSG00000307234   —                        1   9    0.0660   0.0529      120
 331  ENSG00000304839   —                        1   9    0.0660   0.0694      424
 332  ENSG00000309523   —                        1   9    0.0660   0.0635      120
 333  ENSG00000297608   —                        2   9    0.0660   0.0759      193
 334  ENSG00000249131   PSD2-AS1                 2   9    0.0661   0.0504      216
 335  ENSG00000294415   —                        1   9    0.0662   0.0629      499
 336  ENSG00000297415   —                        1   9    0.0662   0.0642      169
 337  ENSG00000303297   —                        1   9    0.0662   0.0643      332
 338  ENSG00000306389   —                        1   9    0.0664   0.0704      216
 339  ENSG00000293962   —                        1   9    0.0664   0.0705      161
 340  ENSG00000297687   —                        1   9    0.0665   0.0715      316
 341  ENSG00000226519   LINC00390                1   9    0.0665   0.0585      162
 342  ENSG00000296500   —                        1   9    0.0665   0.0771      168
 343  ENSG00000294242   —                        2   9    0.0666   0.0609      859
 344  ENSG00000297260   —                        1   9    0.0666   0.0857      152
 345  ENSG00000261504   LINC01686                2   9    0.0667   0.0845      168
 346  ENSG00000300386   —                        1   9    0.0667   0.0693      206
 347  ENSG00000301009   —                        1   9    0.0667   0.0740      440
 348  ENSG00000259275   —                        1   9    0.0668   0.0545      166
 349  ENSG00000302857   —                        1   9    0.0668   0.0628      264
 350  ENSG00000308621   —                        1   9    0.0668   0.0669      168
 351  ENSG00000286288   —                        1   9    0.0668   0.0714      220
 352  ENSG00000244231   CSPG4P2Y                 1   9    0.0670   0.0665      336
 353  ENSG00000231814   LINC00210                1  10    0.0670   0.0735      152
 354  ENSG00000296315   —                        1   9    0.0670   0.0688      123
 355  ENSG00000306423   —                        1   9    0.0671   0.0758      282
 356  ENSG00000298320   —                        1   9    0.0671   0.0714      136
 357  ENSG00000296661   —                        1   9    0.0671   0.0744      279
 358  ENSG00000287178   —                        1   9    0.0671   0.0612      248
 359  ENSG00000306194   —                        1   9    0.0674   0.0665      136
 360  ENSG00000278200   LINC01971                1   9    0.0675   0.0750      134
 361  ENSG00000255216   —                        1  10    0.0675   0.0781      260
 362  ENSG00000299578   —                        1   9    0.0676   0.0685      200
 363  ENSG00000224190   LINC02667                1   9    0.0677   0.0651      164
 364  ENSG00000296339   —                        1   9    0.0678   0.0650      264
 365  ENSG00000299206   —                        3  10    0.0679   0.0621      244
 366  ENSG00000297039   —                        1  10    0.0679   0.0707      472
 367  ENSG00000227630   LINC01132                1   9    0.0680   0.0686      136
 368  ENSG00000263110   —                        1   9    0.0681   0.0709      184
 369  ENSG00000291016   GOLGA2P2Y                1   9    0.0681   0.0669      350
 370  ENSG00000297048   —                        1   9    0.0681   0.0528      183
 371  ENSG00000294888   —                        2  10    0.0681   0.0729      488
 372  ENSG00000293796   —                        1   9    0.0682   0.0658      152
 373  ENSG00000306690   —                        1  10    0.0683   0.0616      472
 374  ENSG00000293936   —                        1   9    0.0683   0.0555      209
 375  ENSG00000285707   —                        1   9    0.0683   0.0756      168
 376  ENSG00000288903   —                        1   9    0.0684   0.0690      159
 377  ENSG00000289429   —                        1  10    0.0684   0.0741      162
 378  ENSG00000304993   —                        1   9    0.0684   0.0776      120
 379  ENSG00000310356   —                        1   9    0.0684   0.0794      424
 380  ENSG00000299531   —                        1   9    0.0686   0.0756      296
 381  ENSG00000305579   —                        1   9    0.0686   0.0678      184
 382  ENSG00000305452   —                        1   9    0.0687   0.0702      168
 383  ENSG00000259847   LINC02126                1   9    0.0687   0.0635      183
 384  ENSG00000273244   —                        1   9    0.0687   0.0667      135
 385  ENSG00000230131   LINC02641                1   9    0.0687   0.0618      168
 386  ENSG00000293544   —                        1   9    0.0687   0.0663      133
 387  ENSG00000305119   —                        1   9    0.0687   0.0709      145
 388  ENSG00000301330   —                        1   9    0.0687   0.0580      520
 389  ENSG00000308855   —                        1   9    0.0688   0.0648      155
 390  ENSG00000297308   —                        1  10    0.0689   0.0754      424
 391  ENSG00000281097   LINC01395                2   9    0.0689   0.0757      229
 392  ENSG00000289101   —                        2  10    0.0689   0.0709      152
 393  ENSG00000308220   —                        1   9    0.0690   0.0704      216
 394  ENSG00000309532   —                        1   9    0.0690   0.0760      168
 395  ENSG00000306942   —                        1   9    0.0691   0.0588      120
 396  ENSG00000305373   —                        1   9    0.0691   0.0691      259
 397  ENSG00000308026   —                        1   9    0.0691   0.0738      243
 398  ENSG00000294476   —                        1   9    0.0692   0.0689      236
 399  ENSG00000301907   —                        2   9    0.0693   0.0684      188
 400  ENSG00000310539   DDX11L2                  1   9    0.0694   0.0641      192
 401  ENSG00000302168   —                        1   9    0.0695   0.0679      184
 402  ENSG00000250447   LINC02105                1  10    0.0695   0.0643      150
 403  ENSG00000293403   —                        1   9    0.0695   0.0482      166
 404  ENSG00000296461   —                        2   9    0.0695   0.0842      419
 405  ENSG00000286661   —                        1   9    0.0696   0.0622      312
 406  ENSG00000244215   LINC02016                1   9    0.0697   0.0793      138
 407  ENSG00000285663   —                        1   9    0.0697   0.0636      136
 408  ENSG00000256733   LINC02954                1   9    0.0697   0.0809      248
 409  ENSG00000308337   —                        1   9    0.0697   0.0658      132
 410  ENSG00000298643   —                        1   9    0.0697   0.0680      152
 411  ENSG00000295414   —                        1   9    0.0698   0.0712      168
 412  ENSG00000304587   —                        1   9    0.0699   0.0724      124
 413  ENSG00000231754   —                        1   9    0.0700   0.0733      200
 414  ENSG00000304174   —                        1   9    0.0700   0.0565      121
 415  ENSG00000310506   —                        1   9    0.0701   0.0757      184
 416  ENSG00000303756   —                        1   9    0.0701   0.0710      168
 417  ENSG00000302346   —                        1   9    0.0702   0.0746      136
 418  ENSG00000303528   —                        1   9    0.0702   0.0664      456
 419  ENSG00000309082   —                        1   9    0.0702   0.0749      183
 420  ENSG00000294874   —                        1   9    0.0703   0.0745      168
 421  ENSG00000306910   —                        1   9    0.0705   0.0675      132
 422  ENSG00000294837   —                        1   9    0.0708   0.0714      322
 423  ENSG00000301436   —                        1   9    0.0708   0.0504      136
 424  ENSG00000305148   —                        1   9    0.0708   0.0711      232
 425  ENSG00000259727   —                        1   9    0.0709   0.0679      184
 426  ENSG00000298536   —                        1   9    0.0709   0.0584      200
 427  ENSG00000254823   LINC02727                1   9    0.0709   0.0775      168
 428  ENSG00000253298   LINC01845                1   9    0.0709   0.0803      120
 429  ENSG00000290825   DDX11L16                 1   9    0.0710   0.0771      329
 430  ENSG00000225676   —                        1   9    0.0712   0.0736      120
 431  ENSG00000297721   —                        1   9    0.0713   0.0711      184
 432  ENSG00000307363   —                        1   9    0.0713   0.0802      194
 433  ENSG00000308477   —                        1   9    0.0714   0.0598      120
 434  ENSG00000307618   —                        1  10    0.0714   0.0743      120
 435  ENSG00000234869   LINC02925                2   9    0.0715   0.0743      267
 436  ENSG00000295529   —                        1   9    0.0715   0.0798      381
 437  ENSG00000274469   LINC01746                1   9    0.0715   0.0695      243
 438  ENSG00000293920   —                        1   9    0.0716   0.0712      296
 439  ENSG00000306248   —                        1  10    0.0716   0.0701      136
 440  ENSG00000286960   —                        1   9    0.0716   0.0628      152
 441  ENSG00000305627   —                        1  10    0.0717   0.0661      161
 442  ENSG00000290374   FAM86EP                  2   9    0.0718   0.0770      520
 443  ENSG00000294962   —                        1  10    0.0718   0.0678      187
 444  ENSG00000294066   —                        1  10    0.0718   0.0658      136
 445  ENSG00000309116   —                        1   9    0.0718   0.0830      264
 446  ENSG00000287666   —                        1  10    0.0719   0.0806      152
 447  ENSG00000223729   LINC02247                2  10    0.0720   0.0741      199
 448  ENSG00000298359   —                        1   9    0.0720   0.0805      149
 449  ENSG00000261803   LINC02140                1   9    0.0720   0.0789      280
 450  ENSG00000297747   —                        1   9    0.0720   0.0739      152
 451  ENSG00000298082   —                        1  10    0.0721   0.0767      184
 452  ENSG00000253361   —                        1   9    0.0721   0.0914      264
 453  ENSG00000294240   —                        1   9    0.0721   0.0734      252
 454  ENSG00000297579   —                        1   9    0.0722   0.0868      200
 455  ENSG00000307527   —                        1   9    0.0723   0.0804      152
 456  ENSG00000309017   —                        1   9    0.0723   0.0747      200
 457  ENSG00000289044   —                        1   9    0.0724   0.0652      168
 458  ENSG00000174403   CRMA                     1   9    0.0725   0.0688      424
 459  ENSG00000308928   —                        1   9    0.0725   0.0702      168
 460  ENSG00000299973   —                        1   9    0.0725   0.0870      152
 461  ENSG00000229771   —                        1   9    0.0725   0.0676      248
 462  ENSG00000279141   LINC01451                1   9    0.0726   0.0755      194
 463  ENSG00000259968   —                        1   9    0.0726   0.0793      136
 464  ENSG00000253182   LINC02948                1   9    0.0726   0.0679      136
 465  ENSG00000289489   —                        1   9    0.0726   0.0746      152
 466  ENSG00000304496   —                        1   9    0.0726   0.0790      152
 467  ENSG00000299285   —                        1   9    0.0726   0.0674      147
 468  ENSG00000289104   —                        1  10    0.0727   0.0688      155
 469  ENSG00000302842   —                        1   9    0.0727   0.0693      134
 470  ENSG00000296838   —                        1   9    0.0727   0.0703      200
 471  ENSG00000255267   LINC02687                1   9    0.0729   0.0777      120
 472  ENSG00000298360   —                        1   9    0.0729   0.0743      216
 473  ENSG00000305288   —                        1  10    0.0729   0.0819      172
 474  ENSG00000230387   LINC03125                1   9    0.0731   0.0669      130
 475  ENSG00000300568   —                        1  10    0.0731   0.0678      344
 476  ENSG00000287983   —                        1   9    0.0731   0.0698      136
 477  ENSG00000196756   SNHG17                   2   9    0.0732   0.0719      232
 478  ENSG00000299903   —                        1   9    0.0732   0.0693      133
 479  ENSG00000300403   —                        1   9    0.0733   0.0722     1752
 480  ENSG00000294909   —                        1   9    0.0733   0.0791      136
 481  ENSG00000300084   —                        1   9    0.0733   0.0748      168
 482  ENSG00000307606   —                        1   9    0.0733   0.0681      264
 483  ENSG00000261402   —                        1  10    0.0733   0.0695      328
 484  ENSG00000300593   —                        1   9    0.0734   0.0791      168
 485  ENSG00000280409   LINC01101                2   9    0.0734   0.0711      280
 486  ENSG00000308628   —                        2  10    0.0734   0.0711      248
 487  ENSG00000259837   LINC01904                1   9    0.0734   0.0826      216
 488  ENSG00000296881   —                        1   9    0.0735   0.0704      200
 489  ENSG00000298781   —                        1   9    0.0735   0.0762      232
 490  ENSG00000296035   —                        1   9    0.0737   0.0676      230
 491  ENSG00000301021   —                        1   9    0.0739   0.0766      280
 492  ENSG00000227953   LINC01341                1   9    0.0740   0.0727      200
 493  ENSG00000290977   —                        2   9    0.0741   0.0787      472
 494  ENSG00000279151   —                        1  10    0.0742   0.0745      220
 495  ENSG00000277987   LINC02351                2   9    0.0742   0.0692      174
 496  ENSG00000234292   —                        1   9    0.0743   0.0766      184
 497  ENSG00000287590   —                        1   9    0.0743   0.0829      408
 498  ENSG00000227165   WDR11-DT                 1   9    0.0743   0.0668      136
 499  ENSG00000286985   —                        1   9    0.0743   0.0822      136
 500  ENSG00000298761   —                        1   9    0.0744   0.0775      152
 501  ENSG00000306853   —                        1   9    0.0744   0.0771      120
 502  ENSG00000299304   —                        1   9    0.0744   0.0729      280
 503  ENSG00000230133   LINC01721                1   9    0.0744   0.0712      165
 504  ENSG00000225413   LINC02557                1   9    0.0745   0.0840      162
 505  ENSG00000289441   —                        2   9    0.0745   0.0723      200
 506  ENSG00000293480   TCAM1P                   1   9    0.0747   0.0775      167
 507  ENSG00000301398   —                        1   9    0.0747   0.0733      164
 508  ENSG00000291223   FAM86DP                  2   9    0.0749   0.0817      152
 509  ENSG00000259309   —                        1   9    0.0749   0.0702      168
 510  ENSG00000234967   —                        1  10    0.0749   0.0752      200
 511  ENSG00000255363   LINC02757                1   9    0.0750   0.0815      220
 512  ENSG00000309978   —                        1   9    0.0751   0.0849      200
 513  ENSG00000298414   —                        1   9    0.0751   0.0736      120
 514  ENSG00000293352   RPLP0P2                  1   9    0.0752   0.0714      146
 515  ENSG00000302703   —                        1   9    0.0753   0.0829      315
 516  ENSG00000299910   —                        3  10    0.0753   0.0734      280
 517  ENSG00000307492   —                        1   9    0.0753   0.0822      152
 518  ENSG00000303931   —                        1   9    0.0753   0.0721      148
 519  ENSG00000306179   —                        1   9    0.0753   0.0663      136
 520  ENSG00000310428   —                        1   9    0.0754   0.0854      136
 521  ENSG00000290611   CYP2G1P                  1   9    0.0754   0.0691      184
 522  ENSG00000306172   —                        1   9    0.0754   0.0703      152
 523  ENSG00000305256   —                        1   9    0.0754   0.0858      184
 524  ENSG00000304573   —                        1   9    0.0754   0.0839      136
 525  ENSG00000227150   —                        1   9    0.0757   0.0758      152
 526  ENSG00000287531   —                        2   9    0.0757   0.0720      216
 527  ENSG00000308893   —                        1   9    0.0758   0.0801      327
 528  ENSG00000294914   —                        1   9    0.0758   0.0700      136
 529  ENSG00000228392   —                        1  10    0.0758   0.0747      130
 530  ENSG00000297423   —                        1  10    0.0758   0.0791      136
 531  ENSG00000294878   —                        1  10    0.0759   0.0839      184
 532  ENSG00000297618   —                        1   9    0.0759   0.0843      136
 533  ENSG00000309293   —                        2  10    0.0760   0.0748      168
 534  ENSG00000255079   LINC02704                1   9    0.0760   0.0798      184
 535  ENSG00000251665   —                        1   9    0.0761   0.0954      148
 536  ENSG00000295940   —                        1   9    0.0762   0.0829      264
 537  ENSG00000297869   —                        1   9    0.0762   0.0723      184
 538  ENSG00000301188   —                        1  10    0.0763   0.0822      161
 539  ENSG00000310077   —                        1   9    0.0763   0.0803      136
 540  ENSG00000259774   —                        2  10    0.0763   0.0811      216
 541  ENSG00000295871   —                        1   9    0.0766   0.0808      120
 542  ENSG00000291297   —                        1  10    0.0766   0.0786      180
 543  ENSG00000290946   —                        2   9    0.0767   0.0820      600
 544  ENSG00000308595   —                        1   9    0.0767   0.0962      152
 545  ENSG00000196166   LINC03042                1   9    0.0768   0.0967      216
 546  ENSG00000295758   —                        1   9    0.0769   0.0772      282
 547  ENSG00000261467   —                        1   9    0.0770   0.0832      184
 548  ENSG00000299774   —                        2   9    0.0770   0.0692      293
 549  ENSG00000302288   —                        1  10    0.0772   0.0761      165
 550  ENSG00000254746   —                        1  10    0.0774   0.0766      264
 551  ENSG00000289029   —                        2   9    0.0774   0.0701      152
 552  ENSG00000299596   —                        1   9    0.0776   0.0924      184
 553  ENSG00000289462   —                        1   9    0.0780   0.0822      280
 554  ENSG00000304399   —                        1   9    0.0780   0.0879      229
 555  ENSG00000306275   —                        1   9    0.0781   0.0789      136
 556  ENSG00000297524   —                        1   9    0.0781   0.0730      137
 557  ENSG00000297283   —                        1   9    0.0781   0.0827      520
 558  ENSG00000253880   —                        1   9    0.0781   0.0716      124
 559  ENSG00000308237   —                        1  10    0.0781   0.0822      344
 560  ENSG00000300442   —                        1   9    0.0782   0.0823      296
 561  ENSG00000236914   LINC01852                1  10    0.0782   0.0738      136
 562  ENSG00000261411   —                        1   9    0.0782   0.0804      184
 563  ENSG00000264243   —                        1   9    0.0784   0.0832      506
 564  ENSG00000289220   —                        2   9    0.0785   0.0830      200
 565  ENSG00000301076   —                        1   9    0.0786   0.0756      360
 566  ENSG00000253300   —                        1   9    0.0786   0.0872      152
 567  ENSG00000294691   —                        1   9    0.0786   0.0744      152
 568  ENSG00000255367   —                        1   9    0.0787   0.0744      152
 569  ENSG00000295239   —                        1   9    0.0788   0.0750      264
 570  ENSG00000302879   —                        1   9    0.0788   0.0744      200
 571  ENSG00000289123   —                        1   9    0.0789   0.0866      168
 572  ENSG00000305624   —                        1   9    0.0790   0.0812      181
 573  ENSG00000205106   LINC02716                1   9    0.0790   0.0782      291
 574  ENSG00000255689   —                        1  10    0.0791   0.0837      168
 575  ENSG00000304332   —                        1   9    0.0791   0.0793      184
 576  ENSG00000259268   —                        1   9    0.0792   0.0837      120
 577  ENSG00000301288   —                        1  10    0.0792   0.0853      840
 578  ENSG00000306658   —                        2   9    0.0792   0.0807      216
 579  ENSG00000299770   —                        1   9    0.0793   0.0868      120
 580  ENSG00000294973   —                        1   9    0.0793   0.0740      131
 581  ENSG00000295030   —                        1   9    0.0793   0.0688      216
 582  ENSG00000298284   —                        1   9    0.0794   0.0854      413
 583  ENSG00000307293   —                        1  10    0.0794   0.0789      424
 584  ENSG00000229976   —                        1   9    0.0794   0.0849      168
 585  ENSG00000301485   —                        1   9    0.0794   0.0705      232
 586  ENSG00000297411   —                        1   9    0.0796   0.0834      135
 587  ENSG00000249526   —                        1   9    0.0797   0.0824      168
 588  ENSG00000298776   —                        2   9    0.0798   0.0758      243
 589  ENSG00000222041   CYTOR                    2   9    0.0798   0.0766      263
 590  ENSG00000235292   —                        1   9    0.0800   0.0785      136
 591  ENSG00000286380   —                        1   9    0.0801   0.0919      408
 592  ENSG00000267892   —                        1   9    0.0803   0.0835      296
 593  ENSG00000304172   —                        1   9    0.0803   0.0797      216
 594  ENSG00000294648   —                        1   9    0.0803   0.0848      136
 595  ENSG00000296567   —                        1  10    0.0804   0.0736      120
 596  ENSG00000306168   —                        1  10    0.0806   0.0905      184
 597  ENSG00000297526   —                        1   9    0.0808   0.0821      232
 598  ENSG00000289087   —                        1   9    0.0809   0.0845      166
 599  ENSG00000304997   —                        1   9    0.0809   0.0861      264
 600  ENSG00000297018   —                        1   9    0.0811   0.0920      168
 601  ENSG00000302682   —                        1   9    0.0811   0.0821      200
 602  ENSG00000290849   —                        1   9    0.0812   0.0792      152
 603  ENSG00000290798   NXF5                     1   9    0.0813   0.0941      182
 604  ENSG00000290824   DDX11L16                 1   9    0.0813   0.0738      280
 605  ENSG00000296076   —                        1   9    0.0813   0.0801      193
 606  ENSG00000308862   —                        1   9    0.0814   0.0735      136
 607  ENSG00000309220   —                        1   9    0.0815   0.0759      145
 608  ENSG00000268240   —                        1   9    0.0815   0.0857      120
 609  ENSG00000310207   —                        1  10    0.0815   0.0841      296
 610  ENSG00000284848   LINC02359                1   9    0.0815   0.0834      130
 611  ENSG00000299592   —                        1  10    0.0816   0.0820      376
 612  ENSG00000223342   —                        1   9    0.0816   0.0871      136
 613  ENSG00000254833   —                        1  10    0.0816   0.0878      168
 614  ENSG00000283072   —                        1   9    0.0817   0.0953      232
 615  ENSG00000310427   —                        1   9    0.0819   0.0717      328
 616  ENSG00000295136   —                        1   9    0.0820   0.0902      184
 617  ENSG00000286142   —                        1   9    0.0820   0.0784      178
 618  ENSG00000297724   —                        1  10    0.0820   0.0907      264
 619  ENSG00000298394   —                        1   9    0.0820   0.0791      264
 620  ENSG00000305803   —                        1   9    0.0821   0.0723      216
 621  ENSG00000290980   —                        1   9    0.0823   0.0862      760
 622  ENSG00000310202   —                        1   9    0.0823   0.0869      120
 623  ENSG00000204054   LINC00963                1   9    0.0823   0.0901      131
 624  ENSG00000103472   RRN3P2                   1   9    0.0823   0.0834      211
 625  ENSG00000256362   LINC02375                1   9    0.0824   0.0721      158
 626  ENSG00000289461   —                        1   9    0.0824   0.0854      168
 627  ENSG00000274026   FAM27E3                  1   9    0.0824   0.0837      167
 628  ENSG00000307663   —                        1   9    0.0825   0.0817      248
 629  ENSG00000305829   —                        1   9    0.0827   0.0722      184
 630  ENSG00000309968   —                        1   9    0.0828   0.0795      152
 631  ENSG00000298949   —                        1   9    0.0829   0.0796      225
 632  ENSG00000237410   NRXN2-AS1                1   9    0.0829   0.0914      212
 633  ENSG00000301755   —                        2   9    0.0830   0.0786      408
 634  ENSG00000304646   —                        1  10    0.0831   0.0859      152
 635  ENSG00000294269   —                        1   9    0.0831   0.0850      184
 636  ENSG00000250915   —                        1  10    0.0832   0.0834      184
 637  ENSG00000309983   —                        1   9    0.0833   0.0916      166
 638  ENSG00000281386   —                        1  10    0.0833   0.0890      200
 639  ENSG00000297656   —                        1   9    0.0833   0.0714      141
 640  ENSG00000288047   —                        1  10    0.0833   0.0827      216
 641  ENSG00000304361   —                        1   9    0.0834   0.0769      120
 642  ENSG00000299394   —                        1   9    0.0837   0.0913      225
 643  ENSG00000289301   —                        1   9    0.0838   0.0889      264
 644  ENSG00000306699   —                        1   9    0.0838   0.0846      166
 645  ENSG00000306988   —                        1   9    0.0839   0.0971      123
 646  ENSG00000304414   —                        1  10    0.0839   0.0811      231
 647  ENSG00000237372   LINC03062                1   9    0.0840   0.0842      199
 648  ENSG00000295478   —                        1  10    0.0840   0.0737      136
 649  ENSG00000287526   —                        1   9    0.0840   0.0796      136
 650  ENSG00000306679   —                        1   9    0.0842   0.0842      198
 651  ENSG00000294426   —                        2   9    0.0842   0.0864      451
 652  ENSG00000309585   —                        1   9    0.0843   0.0842      120
 653  ENSG00000305924   —                        1   9    0.0845   0.0810      152
 654  ENSG00000294913   —                        1  10    0.0846   0.0804      152
 655  ENSG00000295831   —                        1  10    0.0848   0.0872      168
 656  ENSG00000301545   —                        1   9    0.0850   0.0858      176
 657  ENSG00000300689   —                        1   9    0.0850   0.0835      472
 658  ENSG00000250490   LINC02145                1   9    0.0851   0.0828      360
 659  ENSG00000285615   —                        1   9    0.0852   0.0776      232
 660  ENSG00000283141   LINC02666                1   9    0.0856   0.0868      392
 661  ENSG00000309339   —                        1   9    0.0857   0.0968      282
 662  ENSG00000275040   —                        1   9    0.0858   0.1006      387
 663  ENSG00000300017   —                        1  10    0.0860   0.0918      184
 664  ENSG00000301567   —                        1   9    0.0863   0.0810      551
 665  ENSG00000309811   —                        1   9    0.0863   0.0988      211
 666  ENSG00000298956   —                        1   9    0.0864   0.0940      248
 667  ENSG00000297528   —                        1   9    0.0864   0.0873      200
 668  ENSG00000297232   —                        1   9    0.0864   0.0925      175
 669  ENSG00000297206   —                        1  10    0.0866   0.0839      248
 670  ENSG00000267662   TSHZ3-AS1                1   9    0.0867   0.0920      152
 671  ENSG00000262454   MIR193BHG                1  10    0.0869   0.0934      168
 672  ENSG00000296530   —                        1   9    0.0871   0.0972      232
 673  ENSG00000302493   —                        2  10    0.0872   0.1017      182
 674  ENSG00000295350   —                        1   9    0.0874   0.0866      168
 675  ENSG00000309715   —                        1   9    0.0875   0.0834      136
 676  ENSG00000267413   LINC01901                1   9    0.0876   0.0931      216
 677  ENSG00000295355   —                        1   9    0.0878   0.0840      147
 678  ENSG00000305668   —                        1   9    0.0879   0.0845      201
 679  ENSG00000279579   LINC01666                1   9    0.0879   0.0772      136
 680  ENSG00000261177   —                        1   9    0.0879   0.0902      152
 681  ENSG00000238005   LNCATV                   1   9    0.0880   0.0946      120
 682  ENSG00000261244   —                        1  10    0.0880   0.0919      200
 683  ENSG00000287718   —                        1  10    0.0881   0.0968      136
 684  ENSG00000276687   —                        1   9    0.0882   0.0848      200
 685  ENSG00000274270   —                        1   9    0.0882   0.0885      120
 686  ENSG00000301841   —                        1   9    0.0883   0.0922      218
 687  ENSG00000309187   —                        1   9    0.0883   0.0981      198
 688  ENSG00000265246   —                        1   9    0.0885   0.0768      136
 689  ENSG00000290995   —                        1   9    0.0886   0.0877      168
 690  ENSG00000307355   —                        1   9    0.0887   0.1043      216
 691  ENSG00000204446   LINC02872                1   9    0.0891   0.1041      232
 692  ENSG00000310014   —                        1   9    0.0897   0.1048      120
 693  ENSG00000308795   —                        1   9    0.0905   0.0871      152
 694  ENSG00000178722   LINC03122                1  10    0.0905   0.0911      121
 695  ENSG00000307887   —                        1   9    0.0906   0.0896      136
 696  ENSG00000178243   LINC02907                1   9    0.0907   0.0977      249
 697  ENSG00000289933   —                        1  10    0.0909   0.0981      152
 698  ENSG00000260658   —                        1   9    0.0913   0.0914      138
 699  ENSG00000294793   —                        1   9    0.0916   0.0952      120
 700  ENSG00000297957   —                        1   9    0.0917   0.1000      152
 701  ENSG00000299099   —                        1   9    0.0918   0.0983      216
 702  ENSG00000225518   LINC01703                1   9    0.0918   0.1046      280
 703  ENSG00000308755   —                        1   9    0.0920   0.0945      248
 704  ENSG00000300826   —                        1   9    0.0925   0.0894      376
 705  ENSG00000294762   —                        1   9    0.0926   0.0963      143
 706  ENSG00000276412   —                        1   9    0.0926   0.0856      136
 707  ENSG00000304641   —                        1   9    0.0931   0.0944      120
 708  ENSG00000287335   —                        1  10    0.0943   0.1037      120
 709  ENSG00000231291   —                        1   9    0.0946   0.1027      136
 710  ENSG00000228718   LINC02521                1  10    0.0950   0.0886      152
 711  ENSG00000306184   —                        1   9    0.0950   0.0947      184
 712  ENSG00000302582   —                        1   9    0.0955   0.0970      136
 713  ENSG00000294828   —                        1   9    0.0956   0.0956      136
 714  ENSG00000261092   LINC02178                1  10    0.0956   0.0966      120
 715  ENSG00000305102   —                        1   9    0.0959   0.0922      128
 716  ENSG00000291167   —                        1   9    0.0960   0.1000      306
 717  ENSG00000295719   —                        1  10    0.0964   0.1045      152
 718  ENSG00000287282   —                        1   9    0.0964   0.1052      136
 719  ENSG00000283459   —                        1  10    0.0968   0.1045      136
 720  ENSG00000254648   —                        1  10    0.0975   0.1008      184
 721  ENSG00000306934   —                        1   9    0.0979   0.0962      136
 722  ENSG00000255571   MIR9-3HG                 1   9    0.0985   0.1015      138
 723  ENSG00000287717   —                        1   9    0.0988   0.1040      120
 724  ENSG00000237626   —                        1   9    0.0995   0.1069      136

=========================================================================================================
NEAR-CODING (±5kb) lncRNAs — ≥9 sp, ≥120 bp, MMD ≤0.1
Total: 259  |  Named: 61  |  Unnamed (ENSG only): 198
=========================================================================================================
   #  ENSG              Gene name            cores  sp  mean_MMD  med_MMD  max_len
---------------------------------------------------------------------------------------------------------
   1  ENSG00000299139   —                        1   9    0.0231   0.0267      248
   2  ENSG00000290789   —                        1   9    0.0309   0.0325      168
   3  ENSG00000260123   CARMAL                   1   9    0.0347   0.0341      306
   4  ENSG00000299128   —                        1   9    0.0371   0.0250      136
   5  ENSG00000290567   ATP8B5P                  1   9    0.0400   0.0392      206
   6  ENSG00000308991   —                        1  10    0.0401   0.0373      216
   7  ENSG00000285907   —                        1   9    0.0408   0.0387      120
   8  ENSG00000299070   —                        2   9    0.0411   0.0376      280
   9  ENSG00000279277   —                        2   9    0.0415   0.0452      264
  10  ENSG00000304574   —                        1   9    0.0431   0.0211      120
  11  ENSG00000256546   LINC02985                1   9    0.0447   0.0404      126
  12  ENSG00000297955   —                        1   9    0.0447   0.0383      165
  13  ENSG00000232874   LINC02924                2   9    0.0463   0.0230      184
  14  ENSG00000289318   —                        2  10    0.0468   0.0349      216
  15  ENSG00000310167   —                        1  10    0.0480   0.0530      284
  16  ENSG00000294270   —                        1   9    0.0484   0.0470      312
  17  ENSG00000308378   —                        1  10    0.0485   0.0462      168
  18  ENSG00000308218   —                        2   9    0.0485   0.0252      152
  19  ENSG00000293967   —                        1   9    0.0488   0.0558      124
  20  ENSG00000290861   KRT42P                   2   9    0.0491   0.0531      212
  21  ENSG00000294524   —                        1   9    0.0493   0.0468      124
  22  ENSG00000291039   DHRS4L1                  1   9    0.0496   0.0434      216
  23  ENSG00000255007   LINC02489                1   9    0.0500   0.0401      136
  24  ENSG00000213062   —                        1   9    0.0511   0.0571      168
  25  ENSG00000291067   —                        1   9    0.0516   0.0512      410
  26  ENSG00000261026   —                        2   9    0.0516   0.0647      136
  27  ENSG00000305300   —                        1   9    0.0522   0.0559      152
  28  ENSG00000293738   —                        1  10    0.0523   0.0470      264
  29  ENSG00000297214   —                        1   9    0.0527   0.0534      363
  30  ENSG00000296687   —                        1   9    0.0529   0.0571      295
  31  ENSG00000305441   —                        2  10    0.0532   0.0517      216
  32  ENSG00000296642   —                        1   9    0.0539   0.0518      144
  33  ENSG00000258676   —                        1  10    0.0540   0.0525      280
  34  ENSG00000290962   TRPC2                    2   9    0.0543   0.0530      392
  35  ENSG00000301158   —                        1   9    0.0546   0.0468      152
  36  ENSG00000295772   —                        1   9    0.0552   0.0572      312
  37  ENSG00000295113   —                        1   9    0.0554   0.0549      200
  38  ENSG00000262877   —                        2   9    0.0554   0.0603      931
  39  ENSG00000290026   —                        1  10    0.0556   0.0577      232
  40  ENSG00000278737   —                        1   9    0.0557   0.0471      152
  41  ENSG00000309917   —                        1   9    0.0558   0.0694      200
  42  ENSG00000300946   —                        1   9    0.0560   0.0619      120
  43  ENSG00000260737   LINC01227                2   9    0.0564   0.0513      480
  44  ENSG00000290658   —                        1   9    0.0570   0.0626      184
  45  ENSG00000301681   —                        1   9    0.0571   0.0559      248
  46  ENSG00000229272   LINC03036                1   9    0.0572   0.0515      136
  47  ENSG00000309014   —                        1   9    0.0576   0.0576      280
  48  ENSG00000293556   —                        1   9    0.0581   0.0686      159
  49  ENSG00000293917   —                        3  10    0.0582   0.0626      232
  50  ENSG00000308259   —                        1   9    0.0583   0.0658      502
  51  ENSG00000233508   PTPRT-DT                 1   9    0.0585   0.0493      136
  52  ENSG00000310313   —                        1   9    0.0588   0.0641      328
  53  ENSG00000223855   PDGFA-DT                 1   9    0.0589   0.0676      792
  54  ENSG00000260148   CPNE2-DT                 1   9    0.0590   0.0584      201
  55  ENSG00000303686   —                        1   9    0.0598   0.0611      440
  56  ENSG00000293410   —                        1   9    0.0599   0.0611      257
  57  ENSG00000297001   —                        1   9    0.0600   0.0599      136
  58  ENSG00000298289   —                        2   9    0.0601   0.0700      225
  59  ENSG00000303225   —                        1  10    0.0602   0.0560      120
  60  ENSG00000294653   —                        1   9    0.0603   0.0602      156
  61  ENSG00000304314   —                        1  10    0.0603   0.0599      176
  62  ENSG00000293405   CYP2T1P                  1   9    0.0604   0.0625      424
  63  ENSG00000298144   —                        1   9    0.0605   0.0520      120
  64  ENSG00000293457   PTPRVP                   3   9    0.0606   0.0597      264
  65  ENSG00000293311   SMPD4BP                  4   9    0.0608   0.0606      948
  66  ENSG00000291187   REXO6P                   2  10    0.0609   0.0683      296
  67  ENSG00000300704   —                        1   9    0.0612   0.0582      120
  68  ENSG00000294401   —                        1  10    0.0617   0.0609      152
  69  ENSG00000251161   —                        1   9    0.0619   0.0637      264
  70  ENSG00000227128   LBX1-AS1                 2   9    0.0621   0.0578      632
  71  ENSG00000294904   —                        1  10    0.0627   0.0481      264
  72  ENSG00000291295   —                        1   9    0.0628   0.0761      146
  73  ENSG00000300397   —                        2  10    0.0629   0.0657      312
  74  ENSG00000294276   —                        2  10    0.0629   0.0574      232
  75  ENSG00000289560   —                        1   9    0.0632   0.0641      136
  76  ENSG00000303530   —                        1   9    0.0632   0.0540      136
  77  ENSG00000301321   —                        2  10    0.0636   0.0635      128
  78  ENSG00000293507   FBXL9P                   2  10    0.0637   0.0643      334
  79  ENSG00000300279   —                        1   9    0.0637   0.0693      264
  80  ENSG00000307377   —                        1   9    0.0642   0.0566      184
  81  ENSG00000270020   —                        3   9    0.0642   0.0731      648
  82  ENSG00000293175   —                        1   9    0.0643   0.0590      498
  83  ENSG00000288996   —                        1   9    0.0647   0.0489      120
  84  ENSG00000297633   —                        1   9    0.0652   0.0655      195
  85  ENSG00000260750   —                        2   9    0.0654   0.0676      344
  86  ENSG00000293436   —                        1  10    0.0655   0.0614      392
  87  ENSG00000290960   —                        1   9    0.0656   0.0647      124
  88  ENSG00000266010   GATA6-AS1                1   9    0.0661   0.0700      328
  89  ENSG00000293510   AFG3L1P                  3   9    0.0662   0.0626     1384
  90  ENSG00000228719   —                        1   9    0.0670   0.0673      152
  91  ENSG00000255545   B3GAT1-DT                2  10    0.0672   0.0615      360
  92  ENSG00000297980   —                        1   9    0.0672   0.0606      232
  93  ENSG00000304163   —                        2   9    0.0672   0.0708      264
  94  ENSG00000288919   —                        1   9    0.0673   0.0697      792
  95  ENSG00000259663   ISL1-DT                  1   9    0.0673   0.0636      248
  96  ENSG00000259182   —                        1   9    0.0674   0.0751      155
  97  ENSG00000236130   PTCSC2                   1  10    0.0676   0.0606      145
  98  ENSG00000304416   —                        1   9    0.0678   0.0820      232
  99  ENSG00000304436   —                        1   9    0.0678   0.0596      376
 100  ENSG00000306959   —                        3  10    0.0679   0.0616      178
 101  ENSG00000300559   —                        1   9    0.0680   0.0660      133
 102  ENSG00000225981   MICALL2-DT               2  10    0.0684   0.0575      168
 103  ENSG00000294967   —                        1  10    0.0685   0.0686      232
 104  ENSG00000306683   —                        1  10    0.0687   0.0698      280
 105  ENSG00000293475   —                        3   9    0.0690   0.0605      329
 106  ENSG00000236935   —                        1   9    0.0691   0.0653      201
 107  ENSG00000302644   —                        1   9    0.0691   0.0677      725
 108  ENSG00000306061   —                        1   9    0.0695   0.0774      379
 109  ENSG00000279249   SYNAGE                   2   9    0.0696   0.0598      536
 110  ENSG00000259840   —                        2   9    0.0696   0.0675      920
 111  ENSG00000254854   NECTIN1-DT               2   9    0.0699   0.0743      136
 112  ENSG00000281769   LINC-ADAIN               1   9    0.0700   0.0725      200
 113  ENSG00000290057   —                        1   9    0.0701   0.0704      152
 114  ENSG00000287812   —                        1   9    0.0704   0.0717      312
 115  ENSG00000294236   —                        1  10    0.0704   0.0702      168
 116  ENSG00000234432   LINC02983                2   9    0.0706   0.0699      568
 117  ENSG00000305947   —                        1   9    0.0706   0.0704      152
 118  ENSG00000257283   —                        1   9    0.0707   0.0684      232
 119  ENSG00000305277   —                        1  10    0.0708   0.0786      220
 120  ENSG00000297200   —                        1   9    0.0708   0.0770      246
 121  ENSG00000261029   MPHOSPH6-DT              1   9    0.0709   0.0770      136
 122  ENSG00000301985   —                        1   9    0.0712   0.0646      244
 123  ENSG00000294486   —                        1   9    0.0713   0.0671      166
 124  ENSG00000231290   APCDD1L-DT               1   9    0.0714   0.0705      204
 125  ENSG00000290780   FAM25BP                  1   9    0.0714   0.0745      561
 126  ENSG00000237886   NALT1                    2   9    0.0715   0.0709      202
 127  ENSG00000287225   —                        1   9    0.0715   0.0712      120
 128  ENSG00000300808   —                        1   9    0.0716   0.0707      136
 129  ENSG00000302763   —                        1   9    0.0717   0.0637      206
 130  ENSG00000309206   —                        1   9    0.0718   0.0566      189
 131  ENSG00000309470   —                        1   9    0.0718   0.0676      264
 132  ENSG00000232987   LINC01219                1   9    0.0718   0.0812      641
 133  ENSG00000287514   —                        1   9    0.0719   0.0695      152
 134  ENSG00000307636   —                        1   9    0.0724   0.0709      319
 135  ENSG00000303826   —                        1  10    0.0726   0.0695      285
 136  ENSG00000301998   —                        1   9    0.0728   0.0723      135
 137  ENSG00000305055   —                        2  10    0.0729   0.0735      280
 138  ENSG00000295020   —                        1   9    0.0729   0.0892      168
 139  ENSG00000236021   COP1-DT                  1   9    0.0731   0.0730      248
 140  ENSG00000297835   —                        1  10    0.0731   0.0753      136
 141  ENSG00000273381   —                        1   9    0.0731   0.0743      152
 142  ENSG00000230523   LINC01756                1   9    0.0731   0.0699      120
 143  ENSG00000255314   —                        1   9    0.0732   0.0795      168
 144  ENSG00000303292   —                        1  10    0.0734   0.0778      120
 145  ENSG00000296659   —                        1   9    0.0735   0.0734      223
 146  ENSG00000275898   —                        1   9    0.0736   0.0673      152
 147  ENSG00000228288   PCAT6                    1   9    0.0737   0.0811      136
 148  ENSG00000293444   —                        2  10    0.0738   0.0748      216
 149  ENSG00000298455   —                        1  10    0.0742   0.0740      216
 150  ENSG00000183242   WT1-AS                   1  10    0.0742   0.0792      136
 151  ENSG00000300573   —                        2  10    0.0742   0.0785      248
 152  ENSG00000271387   C1orf21-DT               1  10    0.0742   0.0768      495
 153  ENSG00000308002   —                        1   9    0.0742   0.0751      168
 154  ENSG00000226337   TMEM252-DT               1  10    0.0743   0.0775      184
 155  ENSG00000260495   —                        1   9    0.0745   0.0789      216
 156  ENSG00000286428   —                        1   9    0.0747   0.0762      264
 157  ENSG00000288993   —                        1   9    0.0748   0.0813      184
 158  ENSG00000272092   —                        1   9    0.0749   0.0767      200
 159  ENSG00000303389   —                        1   9    0.0749   0.0640      216
 160  ENSG00000289128   —                        1   9    0.0751   0.0778      171
 161  ENSG00000307596   —                        1   9    0.0751   0.0868      184
 162  ENSG00000305061   —                        1   9    0.0756   0.0881      174
 163  ENSG00000263489   —                        1   9    0.0757   0.0725      230
 164  ENSG00000303894   —                        1   9    0.0757   0.0753      120
 165  ENSG00000259704   —                        1   9    0.0758   0.0821      236
 166  ENSG00000293645   —                        1   9    0.0759   0.0837      200
 167  ENSG00000227896   WAPL-DT                  1   9    0.0761   0.0750      328
 168  ENSG00000227579   —                        1   9    0.0762   0.0793      185
 169  ENSG00000291281   COL6A4P1                 1   9    0.0762   0.0828      136
 170  ENSG00000293377   —                        1   9    0.0764   0.0800      232
 171  ENSG00000285910   —                        1   9    0.0764   0.0758      232
 172  ENSG00000293486   —                        1   9    0.0765   0.0663      120
 173  ENSG00000259011   ATP10A-DT                1   9    0.0765   0.0738      240
 174  ENSG00000289550   —                        1   9    0.0772   0.0765      344
 175  ENSG00000298907   —                        1   9    0.0773   0.0760      232
 176  ENSG00000301653   —                        2   9    0.0774   0.0702      264
 177  ENSG00000304754   —                        1   9    0.0777   0.0820      132
 178  ENSG00000301919   —                        1  10    0.0777   0.0794      169
 179  ENSG00000245556   SCAMP1-AS1               1   9    0.0778   0.0827      124
 180  ENSG00000297950   —                        1   9    0.0781   0.0820      200
 181  ENSG00000308772   —                        1   9    0.0781   0.0861      152
 182  ENSG00000306336   —                        1   9    0.0781   0.0787      168
 183  ENSG00000197322   TMEM132E-DT              1   9    0.0782   0.0884      200
 184  ENSG00000228021   —                        1   9    0.0783   0.0810      320
 185  ENSG00000292432   —                        1   9    0.0784   0.0694      219
 186  ENSG00000187013   LINC02875                1   9    0.0786   0.0906      232
 187  ENSG00000308413   —                        1  10    0.0794   0.0887      296
 188  ENSG00000240710   —                        1   9    0.0796   0.0829      168
 189  ENSG00000300775   —                        1   9    0.0797   0.0703      190
 190  ENSG00000235303   —                        1   9    0.0798   0.0765      168
 191  ENSG00000255284   GATD1-DT                 1   9    0.0799   0.0733      168
 192  ENSG00000305633   —                        2   9    0.0801   0.0794      152
 193  ENSG00000303555   —                        1   9    0.0805   0.0697      120
 194  ENSG00000231249   ITPR1-DT                 1  10    0.0805   0.0844      168
 195  ENSG00000301883   —                        1  10    0.0807   0.0905      152
 196  ENSG00000287430   —                        1   9    0.0809   0.0789      156
 197  ENSG00000309647   —                        1   9    0.0812   0.0855      136
 198  ENSG00000308241   —                        1   9    0.0814   0.0850      143
 199  ENSG00000308204   —                        1   9    0.0814   0.0788      152
 200  ENSG00000307897   —                        1   9    0.0816   0.0906      136
 201  ENSG00000224810   —                        1   9    0.0820   0.0894      177
 202  ENSG00000304171   —                        1   9    0.0820   0.0865      291
 203  ENSG00000305672   —                        1   9    0.0822   0.0792      294
 204  ENSG00000297301   —                        1   9    0.0826   0.0931      392
 205  ENSG00000303886   —                        1   9    0.0827   0.0706      222
 206  ENSG00000307559   —                        1   9    0.0829   0.0934      180
 207  ENSG00000308809   —                        1   9    0.0831   0.0686      168
 208  ENSG00000268388   FENDRR                   1  10    0.0833   0.0658      248
 209  ENSG00000309545   —                        1   9    0.0833   0.1014      136
 210  ENSG00000289293   —                        1  10    0.0834   0.0852      168
 211  ENSG00000226237   GAS1RR                   1   9    0.0835   0.0970      168
 212  ENSG00000250417   LINC02116                1   9    0.0836   0.0852      392
 213  ENSG00000289886   —                        1  10    0.0839   0.0877      200
 214  ENSG00000288568   ZCCHC14-DT               1   9    0.0841   0.0825      318
 215  ENSG00000298379   —                        1  10    0.0842   0.0892      133
 216  ENSG00000272763   LINC03057                1   9    0.0844   0.0857      388
 217  ENSG00000307834   —                        1   9    0.0845   0.0984      168
 218  ENSG00000282793   —                        1   9    0.0845   0.0878      408
 219  ENSG00000302282   —                        1   9    0.0847   0.0804      138
 220  ENSG00000298724   —                        1   9    0.0848   0.0892      216
 221  ENSG00000273172   LINC02091                1   9    0.0849   0.0816      296
 222  ENSG00000224077   —                        1   9    0.0851   0.0919      120
 223  ENSG00000255931   —                        2  10    0.0858   0.0815      562
 224  ENSG00000250786   SNHG18                   1  10    0.0860   0.0874      303
 225  ENSG00000259446   RYR3-DT                  1   9    0.0860   0.0841      136
 226  ENSG00000306799   —                        1   9    0.0860   0.0835      193
 227  ENSG00000305717   —                        1   9    0.0861   0.0990      174
 228  ENSG00000301042   —                        1   9    0.0866   0.0892      200
 229  ENSG00000306310   —                        1  10    0.0869   0.0771      168
 230  ENSG00000204241   LINC02731                1   9    0.0872   0.0953      128
 231  ENSG00000295157   —                        1  10    0.0872   0.0858      248
 232  ENSG00000289196   —                        1   9    0.0872   0.0990      136
 233  ENSG00000228877   —                        1   9    0.0875   0.0925      171
 234  ENSG00000288812   —                        1   9    0.0875   0.0853      216
 235  ENSG00000249451   —                        1   9    0.0877   0.0959      216
 236  ENSG00000297923   —                        1   9    0.0878   0.0889      392
 237  ENSG00000279920   LINC01651                1   9    0.0878   0.0847      147
 238  ENSG00000308011   —                        1   9    0.0880   0.0981      216
 239  ENSG00000296375   —                        1   9    0.0890   0.0797      120
 240  ENSG00000303190   —                        1   9    0.0891   0.0836      136
 241  ENSG00000297617   —                        1   9    0.0901   0.0902      270
 242  ENSG00000295359   —                        1   9    0.0906   0.0971      122
 243  ENSG00000229957   —                        1   9    0.0912   0.0907      152
 244  ENSG00000297091   —                        1   9    0.0915   0.0880      120
 245  ENSG00000245522   LINC02709                1   9    0.0917   0.0937      120
 246  ENSG00000304115   —                        1   9    0.0918   0.0895      152
 247  ENSG00000286017   —                        1   9    0.0921   0.1004      152
 248  ENSG00000245008   —                        1   9    0.0922   0.0907      144
 249  ENSG00000265206   MIR142HG                 1   9    0.0934   0.0975      232
 250  ENSG00000255916   —                        1   9    0.0942   0.0988      377
 251  ENSG00000231721   LINC-PINT                1   9    0.0950   0.0924      184
 252  ENSG00000304189   —                        1   9    0.0966   0.0942      120
 253  ENSG00000289055   —                        1   9    0.0970   0.0878      122
 254  ENSG00000259912   —                        1   9    0.0972   0.1042      136
 255  ENSG00000293627   —                        1   9    0.0973   0.0922      152
 256  ENSG00000291229   —                        1  10    0.0984   0.1042      175
 257  ENSG00000296386   —                        1   9    0.0990   0.0937      136
 258  ENSG00000273664   —                        1   9    0.0994   0.0968      136
 259  ENSG00000302189   —                        1   9    0.1000   0.1033      198